{"right": [[[0.0983678999003958, -0.0661338336430122, 0.8728189077049925], [[-0.4770767092704773, 0.734636127948761, -0.48239758610725403], [-0.8625221252441406, -0.2860230505466461, 0.417428195476532], [0.16868098080158234, 0.6152239441871643, 0.7700949311256409]], 1, [38.62113551630058, 9.71113908261891, 118.94778332890859], 50], [[0.08461009151714702, -0.0698902248570626, 0.8415850868022945], [[-0.3976231813430786, 0.7972199320793152, -0.4542425572872162], [-0.9029852747917175, -0.2521406412124634, 0.3479118049144745], [0.16282919049263, 0.5485121607780457, 0.8201348781585693]], 1, [33.7748947837994, 9.371150511909839, 113.76595331058279], 56], [[0.0843042061105724, -0.08237709269243035, 0.8270170213468113], [[-0.41057467460632324, 0.802065372467041, -0.43372756242752075], [-0.8915873765945435, -0.25347065925598145, 0.3752659261226654], [0.19105058908462524, 0.5407807230949402, 0.8191800713539124]], 1, [33.43075026077227, 11.014101095482742, 114.72600176365492], 58], [[0.09179573517000295, -0.1054675256334986, 0.8300523314902516], [[-0.4276283085346222, 0.5146306157112122, -0.7431617379188538], [-0.9025154709815979, -0.19669215381145477, 0.3831162750720978], [0.05098928138613701, 0.8345462679862976, 0.5485731959342957]], 1, [56.68183776086687, 2.9227379475331587, 115.35244780908917], 60], [[0.08559891814297572, -0.1733038270045593, 0.8147818650485151], [[-0.5182287693023682, 0.13448713719844818, -0.8446018099784851], [-0.8460360765457153, -0.2251238375902176, 0.48326200246810913], [-0.1251474767923355, 0.9650039076805115, 0.23044662177562714]], 1, [76.56908798051964, -7.189273311197581, 121.48902789497437], 65], [[0.08683753314880682, -0.2273645993085155, 0.8714419399237356], [[-0.6434484720230103, 0.20684561133384705, -0.7370135188102722], [-0.7409877181053162, -0.40994754433631897, 0.5318648815155029], [-0.1921229213476181, 0.8883455991744995, 0.41705015301704407]], 1, [64.8514294162881, -11.076702225493996, 130.9699364493515], 70], [[0.08837001161522212, -0.2359807436548585, 0.9074203931007665], [[-0.7216993570327759, 0.42891591787338257, -0.5433057546615601], [-0.687502384185791, -0.35280126333236694, 0.6347217559814453], [0.08056331425905228, 0.8316023349761963, 0.5494971871376038]], -6, [56.54450209495431, 4.620945596277213, 136.39011940952375], 75], [[0.04355096979543358, -0.11782194274137284, 0.772914919362663], [[-0.6534020900726318, 0.49835965037345886, -0.5698273181915283], [-0.7374275922775269, -0.248916894197464, 0.6278860569000244], [0.17107340693473816, 0.830468475818634, 0.5301470160484314]], 1, [57.44701956100365, 9.850236727990191, 131.54274108879687], 95], [[0.054557671636709965, 0.026206350362651648, 0.7798236297880387], [[-0.7061789035797119, 0.6744140982627869, 0.2155851572751999], [0.07710909098386765, -0.22941800951957703, 0.9702688455581665], [0.7038220763206482, 0.7018069624900818, 0.11000671237707138]], 1, [81.09150202107783, 44.734459670216005, -173.76844635098377], 118], [[0.04950323216752696, 0.0011097537216861186, 0.783017344930166], [[-0.5236663222312927, 0.7697334885597229, 0.3650807738304138], [0.046201884746551514, -0.4022465646266937, 0.9143648743629456], [0.8506696820259094, 0.4956894814968109, 0.1750798374414444]], 1, [70.546541265742, 58.28458617513946, -174.95798114549555], 121], [[0.05423122409065844, -0.016318876166467156, 0.7630752152872518], [[-0.39308565855026245, 0.8014223575592041, 0.4507835805416107], [0.07300299406051636, -0.4614991247653961, 0.884131908416748], [0.9165992140769958, 0.3804480731487274, 0.12290243059396744]], 1, [72.09712717250002, 66.43387320407965, -169.47902486860912], 123], [[0.06469139824954642, -0.026606511558998985, 0.7309209471533769], [[-0.49308115243911743, 0.7470796704292297, 0.4458059072494507], [0.1287945657968521, -0.4440993368625641, 0.8866722583770752], [0.8603969812393188, 0.4946187734603882, 0.12275721877813339]], 1, [76.06164403512037, 59.361183172138205, -165.3612096025372], 125], [[0.17935143521250932, -0.1112902916237006, 0.7658216275918022], [[-0.36687129735946655, 0.6345903277397156, 0.6802209615707397], [0.031583722680807114, -0.7222885489463806, 0.6908702850341797], [0.9297354221343994, 0.27494439482688904, 0.24494419991970062]], 1, [48.30259092389246, 68.39360644063551, -175.07957494178305], 132], [[0.25944383044463715, -0.06871734299524165, 0.8612302994010358], [[-0.9088903665542603, 0.38872015476226807, -0.15104566514492035], [-0.38039523363113403, -0.624297559261322, 0.6823136806488037], [0.1709316372871399, 0.6776054501533508, 0.7152854204177856]], -6, [43.450434620159115, 9.841991481841282, 157.2893708325263], 139]], "left": [[[-0.08335922020139205, 0.013162127832745563, 0.7467285568767998], [[0.9344843626022339, 0.06983539462089539, -0.3490874171257019], [0.34910279512405396, -0.37190020084381104, 0.8601263761520386], [-0.06975840032100677, -0.9256421327590942, -0.37191465497016907]], 1, [-111.88981747762051, -4.000111299437111, -20.48458214682434], 50], [[-0.08360985915688694, 0.022732848413155565, 0.7712827173840681], [[0.8696429133415222, 0.1481456160545349, -0.470928817987442], [0.4934879243373871, -0.2875507175922394, 0.8208435773849487], [-0.013811555691063404, -0.9462385773658752, -0.3231745660305023]], 1, [-108.85688373045257, -0.7913683424401232, -29.573193412189593], 56], [[-0.08358277895687896, 0.019286353426207548, 0.7567607362425224], [[0.8497099280357361, 0.04272421449422836, -0.5255166292190552], [0.50946044921875, -0.3232565224170685, 0.7974680662155151], [-0.13580547273159027, -0.9453464150428772, -0.29644057154655457]], 1, [-107.41031720487067, -7.8051994139841865, -30.945631324131533], 58], [[-0.08168346597723108, 0.01017753952364181, 0.7406173482071131], [[0.8531179428100586, 0.0939539223909378, -0.5131886005401611], [0.502064049243927, -0.4152924418449402, 0.7585933804512024], [-0.14185048639774323, -0.9048231244087219, -0.4014642536640167]], 1, [-113.92655828624729, -8.154940885714321, -30.477018483317753], 60], [[-0.07899928427314304, 0.033622477426384315, 0.645983590863198], [[0.8951492309570312, 0.1666826605796814, -0.4134303033351898], [0.39089351892471313, -0.7393156886100769, 0.5482833385467529], [-0.21426616609096527, -0.6524026393890381, -0.7269530296325684]], 1, [-138.0936698947892, -12.37247877795338, -23.589916517708026], 65], [[-0.06351289139785463, 0.10410241758913058, 0.6357395425184145], [[0.8156338930130005, 0.21309521794319153, -0.537895917892456], [0.38097912073135376, -0.8975024223327637, 0.22213590145111084], [-0.4354267120361328, -0.3861086666584015, -0.8132181763648987]], 1, [-154.60205344923807, -25.812450157790973, -25.037079921665942], 70], [[-0.06340761055743616, 0.1886044734448626, 0.7130777029969837], [[0.904778003692627, 0.4200098514556885, -0.07048854231834412], [0.42266952991485596, -0.905860960483551, 0.02768615633249283], [-0.05222434923052788, -0.05484317988157272, -0.9971283078193665]], -6, [-176.85183967629183, -2.9935967165567186, -25.039759815149026], 75], [[-0.05383270445841897, 0.1061313907733745, 0.6585946729545299], [[0.8778800964355469, 0.1912907361984253, -0.4390152096748352], [0.30916550755500793, -0.9264962673187256, 0.21452581882476807], [-0.3657091557979584, -0.3240562975406647, -0.8724931478500366]], 1, [-159.62429071804968, -21.451232261312782, -19.40087802551498], 95], [[-0.04956975799140907, 0.00744805864908013, 0.8585387797392712], [[0.4023406207561493, 0.7660056352615356, 0.5013554692268372], [-0.3312685191631317, -0.3887122869491577, 0.8597464561462402], [0.8534536361694336, -0.5119941830635071, 0.09735880047082901]], 1, [-79.23340537987711, 58.58931949365376, 39.46644570939972], 118], [[-0.0538237861429936, -0.014308472282841905, 0.8314145951868843], [[0.34427517652511597, 0.7296940684318542, 0.5907801985740662], [-0.41616666316986084, -0.4454460144042969, 0.7927062511444092], [0.8415936827659607, -0.5187721252441406, 0.15031839907169342]], 1, [-73.84062972457687, 57.30879259990312, 50.40064258034514], 121], [[-0.08051027135514623, -0.03209106622778361, 0.7989789875338145], [[-0.2304750233888626, 0.8808311223983765, 0.4135427474975586], [-0.592594563961029, -0.46413931250572205, 0.6583361029624939], [0.7718243598937988, -0.0933331698179245, 0.6289482712745667]], 1, [-8.440837698618516, 50.51800380317241, 111.25232385868193], 123], [[-0.10501389966388991, -0.03583308568203743, 0.7664573492733826], [[-0.421759694814682, 0.886884331703186, 0.18856066465377808], [-0.6584876775741577, -0.4425637722015381, 0.6087128520011902], [0.6233080625534058, 0.13256573677062988, 0.7706578373908997]], 1, [9.76028356958586, 38.55810710444254, 122.63945512408694], 125], [[-0.16058458369119882, -0.06182480261796876, 0.7316555379272129], [[0.5735737681388855, 0.4518771767616272, 0.683242678642273], [-0.28585076332092285, -0.6712388396263123, 0.6839063763618469], [0.7676605582237244, -0.5875760912895203, -0.25583550333976746]], 1, [-113.52870608790482, 50.144267990904304, 26.490197755958672], 132], [[-0.25085748835470845, -0.0060029751441325885, 0.8279210954009135], [[0.9859291315078735, 0.02976830303668976, 0.16449174284934998], [-0.10099709779024124, -0.6780325174331665, 0.7280600070953369], [0.1332038789987564, -0.7344288229942322, -0.6654855608940125]], -6, [-132.18056422183204, 7.654771674801728, 5.848891864381938], 139]]}