{"right": [[[0.29068506205656297, -0.05448083773677519, 0.8678584709923445], [[0.07784511148929596, -0.6054821014404297, -0.7920427322387695], [-0.7858369946479797, -0.5261579155921936, 0.32498955726623535], [-0.6135148406028748, 0.59711754322052, -0.5167689919471741]], 1, [130.87419939309157, -37.844084352968245, 84.34273155165606], 66], [[0.07827750004385721, -0.08219210747261078, 0.6725036654625068], [[-0.5219214558601379, 0.33069467544555664, -0.7862817645072937], [-0.832992672920227, 0.0008462075493298471, 0.5532833337783813], [0.1836332082748413, 0.9437374472618103, 0.2750245928764343]], -1, [73.75278672983458, 10.581456095069232, 122.06969037052697], 97], [[0.07678330300824504, -0.08118733418280165, 0.6729669729300966], [[-0.46779146790504456, 0.4339413046836853, -0.7699779868125916], [-0.8498676419258118, 0.018362516537308693, 0.5266762375831604], [0.24268528819084167, 0.9007539749145508, 0.360202819108963]], 0, [68.20400688068948, 14.045083154256242, 118.82964414596498], 98], [[0.07256489847901834, -0.08589490220878845, 0.663788956726106], [[-0.3974381685256958, 0.36204373836517334, -0.8431886434555054], [-0.9021152853965759, 0.014093644917011261, 0.4312647581100464], [0.1680203229188919, 0.9320545196533203, 0.32100385427474976]], 0, [70.9960556519344, 9.672736972939132, 113.7764922199941], 101], [[0.10510311654270528, -0.10941220326469134, 0.6807239847086866], [[-0.3845539689064026, 0.1878809779882431, -0.9037803411483765], [-0.923050582408905, -0.08864590525627136, 0.37432533502578735], [-0.009787814691662788, 0.9781833291053772, 0.20751279592514038]], 0, [78.02278189521557, -0.5608095379019177, 112.61719841320091], 104], [[0.3119545857661053, 0.010292911999994825, 0.847303630521901], [[-0.6968218088150024, 0.03688705712556839, -0.716295063495636], [-0.7150198221206665, 0.04286621883511543, 0.6977887153625488], [0.05644423887133598, 0.9983996152877808, -0.0034951427951455116]], 1, [90.20057739314383, 3.235735959634333, 134.2615248634904], 110], [[0.14033420875421249, 0.04535338253549567, 0.80718864514857], [[-0.3031594455242157, -0.5164074301719666, -0.8008856177330017], [-0.904657244682312, -0.10816440731287003, 0.41218408942222595], [-0.29948222637176514, 0.8494844436645508, -0.4343806505203247]], 0, [117.08275876187898, -17.42650644169019, 108.52650097766687], 138], [[0.0473374744622931, 0.014311185735493615, 0.7395978959650497], [[-0.1936105489730835, -0.4336068034172058, -0.8800569176673889], [-0.9347146153450012, -0.1909744143486023, 0.2997288107872009], [-0.29803282022476196, 0.8806326985359192, -0.36832395195961]], 0, [112.69708236226398, -17.339486175608062, 101.70237735076226], 150], [[0.14730733422882836, 0.05526282252572151, 0.8113205563882736], [[-0.12154819816350937, -0.6621391773223877, -0.7394576668739319], [-0.9243112802505493, -0.19601646065711975, 0.32745423913002014], [-0.36176615953445435, 0.7232905030250549, -0.5881972312927246]], 1, [129.11884108771002, -21.20870225559993, 97.49148963828809], 188]], "left": [[[-0.0760366857326179, 0.03951430287864982, 0.7766494961245433], [[-0.025078922510147095, -0.47604385018348694, -0.8790639638900757], [-0.13841001689434052, -0.8692180514335632, 0.4746606647968292], [-0.9900574088096619, 0.1335752159357071, -0.04409017413854599]], 0, [108.26689467883031, -81.9137449607894, 100.27016993625078], 61], [[0.0774253298312053, -0.05991099962374814, 0.7119664420850886], [[0.04990782216191292, -0.4528471827507019, -0.8901901841163635], [0.11099515855312347, -0.8832648992538452, 0.4555470943450928], [-0.9925670027732849, -0.12154217064380646, 0.006182016804814339]], 0, [-87.08827164691306, -83.00981599863695, -65.78942104236032], 96], [[-0.10969086207538487, -0.009280692054107698, 0.7157061165202655], [[-0.04465789347887039, -0.4611189365386963, -0.8862138986587524], [-0.11639603972434998, -0.8786553740501404, 0.4630514681339264], [-0.9921984076499939, 0.12383068352937698, -0.014433516189455986]], 0, [96.64832717759083, -82.83835811874282, 110.99038904782078], 135], [[-0.07944066455243734, -0.030512559449736187, 0.6943772263566406], [[0.9617958068847656, 0.14022375643253326, 0.23513028025627136], [0.12701931595802307, -0.9893937706947327, 0.07047100365161896], [0.2425181269645691, -0.03791261836886406, -0.9694058299064636]], -2, [-177.7603531173473, 14.035209618364654, -7.523216488942864], 160], [[-0.08320507704074823, 0.03621026377309994, 0.7723490446399192], [[-0.05383991450071335, -0.3950017988681793, -0.917101263999939], [-0.10413159430027008, -0.9112048149108887, 0.39857539534568787], [-0.9931051135063171, 0.11695848405361176, 0.007927021011710167]], 1, [86.12261452925448, -83.26791750411275, 117.34066421146063], 202]]}