{"right": [[[0.16031357805977484, -0.1983049557012432, 0.7102751150293477], [[-0.002438575029373169, -0.5618082880973816, -0.8272638320922852], [-0.901247501373291, -0.35721901059150696, 0.2452498823404312], [-0.4332977831363678, 0.7461676001548767, -0.5054572224617004]], 1, [124.11388759741943, -25.67702742517625, 90.15502760005528], 120], [[-0.018445549840052453, -0.1523024009077948, 0.6060741224865126], [[-0.5175925493240356, 0.0566854402422905, -0.8537473678588867], [-0.8454056978225708, 0.11988958716392517, 0.5204955339431763], [0.13185997307300568, 0.9911676049232483, -0.014131779782474041]], -1, [90.81685055499469, 7.577085260168228, 121.47670443386752], 141], [[-0.019472995884614847, -0.15480216987661052, 0.6102910632101385], [[-0.45291197299957275, 0.22087471187114716, -0.8637621402740479], [-0.8679288029670715, 0.11232733726501465, 0.48382025957107544], [0.20388777554035187, 0.968812108039856, 0.1408291459083557]], 0, [81.72926057683976, 11.764397360332662, 117.55694074084022], 142], [[0.0497481642153906, -0.1637664835114353, 0.5324738567127687], [[-0.1298101246356964, -0.25211334228515625, -0.9589516520500183], [-0.9776131510734558, -0.12897725403308868, 0.16624505817890167], [-0.16559553146362305, 0.9590640068054199, -0.22972676157951355]], 0, [103.47038898334388, -9.53183158442894, 97.563642765955], 150], [[0.25754272778423903, 0.06388021357250726, 0.8234211337579305], [[-0.6727258563041687, 0.071680948138237, -0.7364113926887512], [-0.7352668046951294, 0.046345606446266174, 0.6761914491653442], [0.08259947597980499, 0.9963502883911133, 0.02152673341333866]], 1, [88.76228362589922, 4.737998262109825, 132.45667895539665], 156], [[0.14706986230491353, 0.04375741078926218, 0.822924951647949], [[-0.48428425192832947, -0.46229004859924316, -0.7428032755851746], [-0.840182900428772, 0.008905776776373386, 0.5422300696372986], [-0.24405229091644287, 0.8866840600967407, -0.3927210867404938]], 0, [113.88902426608178, -14.125835481107703, 119.95929168281577], 169], [[0.1285395493214626, -0.09186041288622727, 0.6614907365303467], [[-0.2570468485355377, -0.5283958911895752, -0.8091505169868469], [-0.9231361150741577, -0.11346132308244705, 0.36735033988952637], [-0.28591370582580566, 0.8413823246955872, -0.4586164653301239]], 0, [118.59369782588094, -16.613474686292143, 105.5598393664868], 180], [[0.14599663007269395, 0.039920651559886416, 0.8243071404955017], [[-0.5598686337471008, -0.29313650727272034, -0.7749955654144287], [-0.8185948729515076, 0.05090465769171715, 0.5721111297607422], [-0.12825578451156616, 0.9547144770622253, -0.2684599757194519]], 1, [105.70566332040123, -7.368811629803406, 124.36973148478883], 210]], "left": [[[-0.09995354394386548, 0.03025405396145084, 0.7829870015582331], [[-0.021622031927108765, -0.6604055166244507, -0.7505977153778076], [-0.34848451614379883, -0.6987094879150391, 0.6247907876968384], [-0.9370651245117188, 0.27508094906806946, -0.21503359079360962]], 0, [128.01510422157284, -69.56438111255486, 93.55041471059184], 116], [[-0.034511776343075895, -0.1220256223131308, 0.6372600470873753], [[0.13762107491493225, -0.5239720940589905, -0.8405436873435974], [-0.13885244727134705, -0.8504442572593689, 0.5074097514152527], [-0.9807040095329285, 0.04688125476241112, -0.18979384005069733]], 0, [166.12503494637582, -78.72616886379366, 45.25517431893106], 140], [[-0.06078876238822012, -0.08764985281982374, 0.6716803252666734], [[0.07537423074245453, -0.600041389465332, -0.7964101433753967], [-0.14420707523822784, -0.7968453764915466, 0.5867211818695068], [-0.9866727590560913, 0.07062431424856186, -0.14659181237220764]], 0, [154.27636860981747, -80.63534143367745, 62.40482064450923], 160], [[-0.026242886908827916, -0.13634947441415055, 0.569133916887102], [[0.9351016879081726, 0.28296858072280884, 0.21333946287631989], [0.2575930953025818, -0.956177294254303, 0.1391790807247162], [0.24337364733219147, -0.07519181072711945, -0.9670137166976929]], -2, [-175.55381452932926, 14.085741403608273, -15.401320824430268], 190], [[-0.09157643859568404, 0.030824619412515436, 0.7750068436947006], [[-0.12899211049079895, -0.5864384174346924, -0.7996569275856018], [-0.29170912504196167, -0.7482742667198181, 0.595811665058136], [-0.9477694034576416, 0.31012219190597534, -0.07454793155193329]], 1, [103.51645265287148, -71.40017889079726, 113.85474234801977], 222]]}