{"right": [[[0.137550409006, -0.10838257962154979, 0.8541518521932918], [[-0.7771363854408264, -0.40057259798049927, -0.4853871166706085], [-0.3663223087787628, -0.33921945095062256, 0.8664515018463135], [-0.5117294192314148, 0.8511590361595154, 0.11688107252120972]], -4, [82.18104923931612, -30.779095565390772, 154.76200522854978], 80], [[0.12495719030896976, -0.1356036881291327, 0.7273339160566381], [[-0.06080956757068634, -0.9089210629463196, -0.4125099182128906], [-0.47322580218315125, -0.33762291073799133, 0.813675582408905], [-0.8788397908210754, 0.24468964338302612, -0.4095942974090576]], 1, [149.14611622345063, -61.502731279173034, 97.32237664087634], 96], [[0.12859028734631914, -0.1510049289862347, 0.6657728187110141], [[-0.057453274726867676, -0.881054162979126, -0.4695132374763489], [-0.46372559666633606, -0.39292672276496887, 0.7940825819969177], [-0.8841140866279602, 0.26334795355796814, -0.3859924376010895]], 1, [145.6957680831809, -62.14269523708551, 97.06267059980017], 98], [[0.137301318503637, -0.1569182223593843, 0.5979592552628772], [[-0.10407005250453949, -0.8242382407188416, -0.5565974116325378], [-0.45915859937667847, -0.45661047101020813, 0.7620238065719604], [-0.8822373747825623, 0.3348703384399414, -0.33093658089637756]], 1, [134.66148877900682, -61.9134483250343, 102.77054236785811], 100], [[0.1462534111473937, -0.14162568874068773, 0.5579633039488613], [[-0.1931532323360443, -0.7078948616981506, -0.6793943643569946], [-0.4962596893310547, -0.5268506407737732, 0.6900396347045898], [-0.8464148640632629, 0.47043943405151367, -0.24953681230545044]], 1, [117.94297334937963, -57.82384633612164, 111.26688421704073], 102], [[0.15079507045576127, -0.08361747294094152, 0.5432279292651121], [[-0.1927310824394226, -0.6505248546600342, -0.734623908996582], [-0.5455796122550964, -0.5512294769287109, 0.6312598586082458], [-0.8155965209007263, 0.5224592089653015, -0.24867400527000427]], 1, [115.45296502591579, -54.6463823698705, 109.45624511445486], 105], [[0.15137602973578335, -0.036229121194311764, 0.5745260640529314], [[-0.011331439018249512, -0.7104058861732483, -0.7037009596824646], [-0.5702288150787354, -0.5735087394714355, 0.5881553888320923], [-0.8214077353477478, 0.4079352617263794, -0.39859527349472046]], 1, [134.3365185714429, -55.22596250952429, 91.1384155730761], 107], [[0.15158697162497825, 0.03697236101731455, 0.6359443142430309], [[-0.14615033566951752, -0.641754686832428, -0.7528551816940308], [-0.5520147085189819, -0.5786229372024536, 0.6003958582878113], [-0.8209261894226074, 0.5033352375030518, -0.26969215273857117]], 1, [118.18285837019721, -55.17761728129879, 104.82926930507216], 110], [[0.16244014559570322, 0.1384701892204358, 0.7553639494967128], [[-0.21921885013580322, -0.6964296102523804, -0.6833219528198242], [-0.4864639937877655, -0.5290778279304504, 0.6952909231185913], [-0.8457516431808472, 0.48483237624168396, -0.22280409932136536]], -5, [114.68108735029188, -57.752561565049454, 114.2581055110775], 116]], "left": [[[-0.1290945522949308, -0.07145231196992176, 0.7909105669986429], [[0.6927940845489502, -0.5911015272140503, -0.4130801558494568], [0.12930992245674133, -0.4617074429988861, 0.8775563836097717], [-0.7094470858573914, -0.6613812446594238, -0.2434328943490982]], -4, [-110.20701744488494, -45.18994841182899, -10.572592376347426], 80], [[-0.12438565239820354, -0.12570978591131735, 0.7525946597965045], [[0.521427571773529, -0.6604768633842468, -0.5402624607086182], [0.08441070467233658, -0.5901170969009399, 0.8028926849365234], [-0.8491101861000061, -0.46425431966781616, -0.25195199251174927]], 1, [-118.48879518128449, -58.1150191690178, -9.19549073124979], 96], [[-0.11772774838118466, -0.14439285127876447, 0.6781984737438356], [[0.46037018299102783, -0.6471021771430969, -0.6077153086662292], [0.09159115701913834, -0.6462973356246948, 0.7575689554214478], [-0.8829894065856934, -0.4044235348701477, -0.2382671982049942]], 1, [-120.50457885882423, -62.00510466117708, -11.252135488547252], 98], [[-0.1081528527161717, -0.14946498520654658, 0.6131564129121179], [[0.4253237247467041, -0.6179922223091125, -0.6611999869346619], [0.10123784840106964, -0.6935023665428162, 0.7133060097694397], [-0.899361252784729, -0.37032440304756165, -0.23239880800247192]], 1, [-122.11051656431216, -64.07423161736375, -13.388709933514939], 100], [[-0.09548689077063748, -0.12510136600963398, 0.5552991797035045], [[0.08512426912784576, -0.6489158272743225, -0.7560834288597107], [0.18114162981510162, -0.7361128330230713, 0.6521698832511902], [-0.9797661304473877, -0.19247367978096008, 0.05488460883498192]], 1, [-74.08428042801442, -78.45450205022269, -64.82967841891696], 102], [[-0.09479363938010624, -0.06134059826264439, 0.5330097054016666], [[-0.026249699294567108, -0.6080818176269531, -0.7934402823448181], [0.19677266478538513, -0.7813282012939453, 0.592289388179779], [-0.9800977110862732, -0.140579953789711, 0.14016352593898773]], 1, [-45.08499487192848, -78.54981861486225, -97.5984539642008], 105], [[-0.0982628949562096, -0.010949103710969493, 0.5412712476711992], [[-0.0805654227733612, -0.5656915307044983, -0.8206719756126404], [0.19410103559494019, -0.8164902329444885, 0.5437541604042053], [-0.9776676297187805, -0.11548548936843872, 0.1755821853876114]], 1, [-33.33408186130617, -77.86844311374983, -112.54184200866605], 107], [[-0.09951666472050091, 0.06036179930384786, 0.5685451241049141], [[-0.051018744707107544, -0.48352259397506714, -0.873843789100647], [0.18034061789512634, -0.8650599122047424, 0.4681331515312195], [-0.9822801947593689, -0.13370594382286072, 0.13133302330970764]], 1, [-45.51296071385212, -79.19783829092663, -105.79632352087748], 110], [[-0.09723567020827335, 0.17106844418866596, 0.7372161480118148], [[0.2464619129896164, -0.6234216690063477, -0.7420255541801453], [0.09102747589349747, -0.7473682165145874, 0.6581449508666992], [-0.9648681282997131, -0.22975237667560577, -0.12744928896427155]], -5, [-119.01820759949435, -74.76761270615077, -20.271050732783593], 116]]}